All tajectories state 1:
0.049331
-0.200572
0.159384
-2.31902
0.0428248
 2.11483
0.972073

End Goal
0.221363
 1.30969
0.149847
-0.654274
-0.147172
   1.978
 1.10165


Path 1 (Through):
0.085859
0.288162
0.180373
-1.99921
-0.0574394
 2.28317
 1.08402

 0.141547
0.623617
  0.1571
 -1.6992
-0.114225
 2.31175
 1.13382

Path 2 (Over):
0.241302
0.0164458
0.0272217
-1.94021
0.00361842
 1.97051
 1.04657

 0.299779
 0.856163
0.0255231
 -1.00032
-0.00742469
  1.88348
  1.09503

Path 3 (Robots right):
-0.060401
0.0571834
-0.0253441
 -2.15802
-1.483e-05
  2.23061
 0.643051

 0.0901471
 0.780731
-0.00383062
  -1.3454
-0.000667255
  2.15011
  0.86205

Path 4 (Robots left):
0.511219
0.168996
0.0393572
-1.97411
-0.0012093
 2.14818
 1.33116

 0.422457
0.807449
0.012779
-1.28046
-0.002805
 2.11632
 1.21366
